0
10
10
0
5
0
5
10
5
2.50000000000000
2.50000000000000
7.50000000000000
7.50000000000000
2.50000000000000
0
2.50000000000000
5
0
5
2.50000000000000
7.50000000000000
10
7.50000000000000
10
7.50000000000000
1.25000000000000
3.75000000000000
3.75000000000000
1.25000000000000
1.25000000000000
3.75000000000000
6.25000000000000
6.25000000000000
1.25000000000000
3.75000000000000
6.25000000000000
6.25000000000000
8.75000000000000
8.75000000000000
8.75000000000000
8.75000000000000
2.50000000000000
1.25000000000000
0
1.25000000000000
3.75000000000000
3.75000000000000
5
2.50000000000000
5
3.75000000000000
1.25000000000000
0
0
1.25000000000000
2.50000000000000
3.75000000000000
5
6.25000000000000
6.25000000000000
7.50000000000000
7.50000000000000
6.25000000000000
0
2.50000000000000
1.25000000000000
5
3.75000000000000
6.25000000000000
7.50000000000000
7.50000000000000
6.25000000000000
8.75000000000000
10
8.75000000000000
10
8.75000000000000
10
8.75000000000000
10
8.75000000000000
1.87500000000000
1.87500000000000
3.12500000000000
3.12500000000000
0.625000000000000
1.87500000000000
0.625000000000000
0.625000000000000
0.625000000000000
1.87500000000000
4.37500000000000
4.37500000000000
3.12500000000000
4.37500000000000
3.12500000000000
4.37500000000000
5.62500000000000
5.62500000000000
3.12500000000000
1.87500000000000
4.37500000000000
5.62500000000000
5.62500000000000
4.37500000000000
3.12500000000000
0.625000000000000
1.87500000000000
0.625000000000000
0.625000000000000
1.87500000000000
3.12500000000000
4.37500000000000
5.62500000000000
5.62500000000000
6.87500000000000
6.87500000000000
6.87500000000000
8.12500000000000
8.12500000000000
6.87500000000000
8.12500000000000
8.12500000000000
6.87500000000000
0.625000000000000
1.87500000000000
3.12500000000000
4.37500000000000
5.62500000000000
5.62500000000000
6.87500000000000
6.87500000000000
8.12500000000000
8.12500000000000
6.87500000000000
8.12500000000000
8.12500000000000
9.37500000000000
9.37500000000000
9.37500000000000
9.37500000000000
9.37500000000000
9.37500000000000
9.37500000000000
9.37500000000000
