70	13	131
26	42	82
125	66	4
88	53	6
5	92	48
48	99	5
5	99	63
67	130	9
56	31	96
45	91	10
51	106	11
6	43	88
75	39	122
61	120	12
72	9	130
79	41	136
94	49	14
85	46	14
10	83	45
10	91	56
115	59	17
47	97	17
109	64	18
104	69	19
11	100	51
65	127	20
12	116	61
12	120	75
134	13	70
62	123	23
13	134	79
71	137	25
44	89	26
43	86	26
47	95	27
14	42	85
50	102	28
14	46	94
52	107	29
87	49	29
55	111	30
54	110	30
58	17	97
57	113	31
60	118	32
17	58	115
62	121	33
98	59	33
65	126	34
18	52	109
68	20	127
67	128	35
103	63	36
19	50	104
71	135	37
129	69	37
74	139	38
73	138	38
77	23	123
76	141	39
78	143	40
133	77	40
81	25	137
80	145	41
84	27	42
83	10	42
87	29	43
26	82	43
26	86	44
90	30	45
26	89	45
93	28	46
92	5	46
96	31	47
27	84	47
98	33	48
27	95	48
101	29	49
100	11	49
103	36	50
28	93	50
105	35	51
28	102	51
108	34	52
29	101	52
29	107	53
30	90	54
30	110	55
112	31	56
30	111	56
31	112	57
114	32	58
31	113	58
117	33	59
116	12	59
32	114	60
119	38	61
32	118	61
122	39	62
33	117	62
124	36	63
33	121	63
125	4	64
11	106	65
34	108	65
34	126	66
129	37	67
35	105	67
35	128	68
132	37	69
131	13	69
133	40	70
36	124	70
136	41	71
37	132	71
37	135	72
38	119	73
38	138	74
140	39	75
38	139	75
39	140	76
142	40	77
39	141	77
40	142	78
144	41	79
40	143	79
41	144	80
41	145	81
14	43	82
42	14	82
26	45	83
42	26	83
10	47	84
42	10	84
27	46	85
42	27	85
6	44	86
43	6	86
14	49	87
43	14	87
29	53	88
43	29	88
15	45	89
44	15	89
15	54	90
45	15	90
30	56	91
45	30	91
27	48	92
46	27	92
5	50	93
46	5	93
28	49	94
46	28	94
17	48	95
47	17	95
10	56	96
47	10	96
31	58	97
47	31	97
17	59	98
48	17	98
33	63	99
48	33	99
28	51	100
49	28	100
11	52	101
49	11	101
19	51	102
50	19	102
5	63	103
50	5	103
36	69	104
50	36	104
19	67	105
51	19	105
35	65	106
51	35	106
18	53	107
52	18	107
11	65	108
52	11	108
34	64	109
52	34	109
1	55	110
54	1	110
16	56	111
55	16	111
16	57	112
56	16	112
7	58	113
57	7	113
7	60	114
58	7	114
32	59	115
58	32	115
32	61	116
59	32	116
12	62	117
59	12	117
21	61	118
60	21	118
21	73	119
61	21	119
38	75	120
61	38	120
23	63	121
62	23	121
12	75	122
62	12	122
39	77	123
62	39	123
23	70	124
63	23	124
34	66	125
64	34	125
20	66	126
65	20	126
35	68	127
65	35	127
9	68	128
67	9	128
19	69	129
67	19	129
37	72	130
67	37	130
36	70	131
69	36	131
13	71	132
69	13	132
23	77	133
70	23	133
40	79	134
70	40	134
25	72	135
71	25	135
13	79	136
71	13	136
41	81	137
71	41	137
2	74	138
73	2	138
22	75	139
74	22	139
22	76	140
75	22	140
8	77	141
76	8	141
8	78	142
77	8	142
24	79	143
78	24	143
24	80	144
79	24	144
3	81	145
80	3	145
